0.5003358425049065
0.5005524933877721
0.5007974897948553
0.501031462565157
0.5012695476831752
0.5014654552931093
0.5016976780082056
0.5019362437793866
0.5021625984897693
0.5024013923880578
0.5026208249136924
0.5028329509910422
0.5030781624492286
0.5032845694508175
0.5035566365485166
0.503793672453178
0.5039843250112909
0.5042440147953303
0.504457001348179
0.5046918766740965
0.5049432999462928
0.5051457019576104
0.5054072317590775
0.5056456715619669
0.5058390054596675
0.5061039901051841
0.5063323145936276
0.5065880828671092
0.5068063251097779
0.5070480460959607
0.5072898423351542
0.5075476930603098
0.5077621886645783
0.5080175432880334
0.5082573411237956
0.5085105655023564
0.5087336128459772
0.5089973314414455
0.5092222830025742
0.5095038960291335
0.5097164859333979
0.5099773664086493
0.5102341217830747
0.5104655075955097
0.5107336889884987
0.5109581297624631
0.5112192740665049
0.5114696185444578
0.5117191093213124
0.5119913377030249
0.5122176286654653
0.5124874960799878
0.5127305297033733
0.5129979497696692
0.5132592557506673
0.5135049501690127
0.5137458735265655
0.5140022400395278
0.514254696963195
0.5145083823857979
0.5147529152612472
0.5149793803114366
0.5152380869976406
0.5154647266952447
0.5157325372534288
0.5159807750685724
0.5162213693025327
0.5164707301963308
0.5167269217036848
0.5169728820989781
0.5172483353633165
0.5174897164118444
0.5177599232662551
0.5180196451667558
0.5182739895330198
0.5185461335478176
0.5188044181522146
0.519060934829595
0.5193245393869901
0.5195908396232812
0.5198527846357807
0.5201252974313422
0.5203721111548768
0.5206517472556949
0.5209250696450909
0.5211833387205167
0.5214595400367678
0.5217278073526755
0.5219782056961721
0.5222636700049055
0.5225181773575269
0.5228004389290275
0.5230579883090322
0.5233271732239636
0.5235856524310586
0.5238680825310719
0.5241232262746157
0.5243805811524733
0.5246359383846761
0.5248900314452776
0.5251321489353996
0.5254101953619443
0.525633746101905
0.5258743925734385
0.5260899638046316
0.5263284429830101
0.5265640015484131
0.5267723594883751
0.5269853140283641
0.527174950445332
0.5273780170616837
0.5275621080569327
0.5277421220554885
0.5279157789937688
0.5280922382841167
0.5282254298863032
0.5283835494371699
0.5285010480813175
0.5286199512130985
0.5287660253240593
0.5288579392079515
0.5289527745911279
0.5290279311220162
0.5290932643311176
0.5291588520573139
0.5292069251289786
0.5292432754089011
0.5292762738285275
0.5292775725499543
0.5293082698462486
0.5292878429764701
0.5292784216333438
0.5292340055894946
0.5292139321560624
0.5291768411020108
0.5290943975534791
0.5290392378896405
0.5289543875887132
0.5288548942146755
0.5287584776847886
0.5286561780180283
0.5285376445045403
0.528398539927016
0.5282539257524361
0.5281270551840817
0.5279831062785484
0.527813786014952
0.5276553947845043
0.5275103611417392
0.5273123619556673
0.527150632887705
0.5269593830834998
0.5267721919585883
0.5265579752318399
0.5263600958104769
0.5261506689018532
0.525938882201606
0.525695701873378
0.5254739748658761
0.5252432985059922
0.5249959957346859
0.524776562039457
0.5245175615614488
0.5242797194853829
0.5240449595505262
0.5238085074509288
0.523558527480311
0.5233007618747154
0.5230498198559944
0.5228096959865058
0.5225502605928436
0.5222998091748923
0.522051930038537
0.5218069814229079
0.5215517388823798
0.5212895053384283
0.5210362790642878
0.5208081854778877
0.5205278982655202
0.520284846497607
0.5200433488347236
0.5197903067236459
0.5195491857348353
0.5192821983817889
0.5190236412528131
0.5187584987215685
0.5185307857244519
0.5182747286805296
0.518027367937698
0.5177887824335704
0.5175436157877965
0.5173070143720399
0.5170440972190354
0.5168261915260294
0.5165761051593111
0.5163429178394453
0.5160913906864513
0.5158665546173908
0.5156073902140086
0.515352533806263
0.5150985641641872
0.5148342991344258
0.5145548206060371
0.5143306746625573
0.5141110386122997
0.5138627549641829
0.513607407504424
0.5133427261947587
0.5130895969696648
0.5128751617559348
0.512615138150863
0.5123809032084636
0.5121379711824228
0.5119188937801818
0.5116700403486553
0.5114369794476626
0.5111961147424857
0.510968567065131
0.5106842303193881
0.510474101869401
0.5102537082372528
0.5100077380104893
0.5097888774031062
0.5095593432528611
0.5093015379229106
0.5090452815410347
0.5087924041642158
0.5085552953845229
0.5083162177188799
0.5080697900953292
0.5078161575910635
0.5075180976751973
0.5073012534577649
0.5070504693497265
0.5068097021830158
0.5065706171165192
0.5063142099906566
0.506067249502564
0.5058319227127532
0.5055888122339093
0.505332061814098
0.5050940427444985
0.5048510706020718
0.5046350695653836
0.5043914491305058
0.5041497968333981
0.5039040167908959
0.5036577695210513
0.5034361698936011
0.5032078641061418
0.5029193734635818
0.502643233922661
0.5023992391773524
0.5021843805032131
0.5019296448277786
0.5016688773724526
0.5014413901160744
0.5012249609913195
0.5009606980433833
0.5007075978287291
0.5004768883475397
0.5002810153749706
0.5000317481194717
0.49982661773873677
0.4995973332507413
0.4993607014070521
0.4991063585311064
0.49889193248320013
0.49867252321183353
0.49846666880690654
0.4982290749017592
0.4979699296855759
0.4977248503582948
0.4974991452427789
0.4972218249398687
0.49695159667179223
0.4966944562790191
0.49646424242038767
0.4962812304992388
0.4960336503228446
0.4957801056596832
0.49551306897832387
0.4953046043840144
0.4951029100370469
0.49484180568011565
0.4945956167446037
0.4942977346991032
0.4939667676969872
0.4936518537611315
0.4934021825372749
0.4931273517083346
0.4928835298674601
0.4926103820616191
0.4923428037546184
0.4920872271342702
0.49183974180114365
0.49162064998532906
0.4913910432938379
0.49118575382622776
0.4909772752701337
0.49073435767660284
0.49049476863626046
0.4903107728743854
0.4900629482923003
0.4898046988851415
0.4895868665405193
0.48933333035943205
0.4891284196040613
0.48887098285870023
0.4886409918623433
0.4884050406590587
0.488163561729921
0.48791726362453597
0.48768378377711563
0.4874341733002823
0.4871912798923388
0.48695115872442646
0.48671386989513155
0.48646546218035125
0.48623887116822995
0.4859626708365823
0.48573318905422175
0.4854984225416737
0.4852378864922439
0.4849881515882103
0.48474811328583983
0.4845059837538655
0.4842580696836157
0.4840037650720177
0.483765101200139
0.4835108698474764
0.48325131780560265
0.4830070581369231
0.4827667608844359
0.482509327519562
0.48224988458746254
0.4820149621269516
0.48172626400834323
0.4814803748104313
0.4812347946341391
0.4809453993838533
0.4807008062426978
0.4804535909494116
0.4802060129105982
0.47995349394870435
0.47967983101446365
0.4794619403450148
0.4792042894050293
0.47893821417754956
0.4787000161588971
0.47844980551155625
0.4781844796801353
0.47794669209361684
0.47768547610304546
0.4774188372731023
0.4771534279002986
0.4769341183091551
0.4766873010635197
0.4764115637081194
0.47618584483399684
0.4759520378217723
0.4757134963786601
0.475454932039139
0.4752031622287083
0.47494880929705785
0.474695542501527
0.47444043698737765
0.4742118630402943
0.4739426547789218
0.47366045755423475
0.47340055205087633
0.4731466423038938
0.47290089893435966
0.47264093004880703
0.47242558006806956
0.47218857485889915
0.47194907836082306
0.4716906992212039
0.47145237787704164
0.4712302761760464
0.4709636123514316
0.47072402154559145
0.4704861291232593
0.4702264694450517
0.4699973844387276
0.46976396830806194
0.46953025786565417
0.4692545611219592
0.46903441416090197
0.4687879227486044
0.46853178167604315
0.4683028691991528
0.46806265288880294
0.4678205140311509
0.4675823607594201
0.46733621578648626
0.46708953611457965
0.46684121485567814
0.4666075177105037
0.46634744718671256
0.466120735746675
0.4658688031804568
0.46562293347431566
0.4653838458743864
0.46514178606560014
0.4648597754415179
0.46464476594407056
0.4643943080233755
0.46416402681707275
0.46392161441146396
0.46365686253102184
0.4634331786961051
0.46316125896361715
0.46293060906829997
0.4627111792608757
0.4624568112669595
0.4622138782949759
0.4619742698573282
0.4617449118131205
0.46153199292964747
0.4613070446430846
0.46107702440979825
0.4608929547547155
0.4606576878841812
0.4604519809376074
0.4602638553008237
0.460043410678427
0.4598648644590461
0.45966587505363155
0.4594963454480424
0.4593312018264589
0.45916928616159686
0.4590078634175005
0.4588585355717996
0.45870426318541735
0.4585912183587833
0.4584487562764144
0.4583556692141502
0.45822840527754777
0.4581519094079536
0.45806313528374837
0.4579941291150458
0.4579291277582853
0.4578548685215004
0.4578449040369554
0.45780137194896303
0.45777242980037947
0.4577870735871428
0.45777495982217986
0.4577946985358692
0.45780690714427535
0.45785259020118907
0.4578997491795962
0.45794127371862603
0.45800672980403645
0.45808251426119145
0.45817086111163213
0.45823896202550385
0.4583733894970504
0.458443802449863
0.4585544515307283
0.45869451754085444
0.45877868159095386
0.4589071199749712
0.45903704548791546
0.45916987251224617
0.4593010839806386
0.45941562177053125
0.45953727489492574
0.4596709479778968
0.45981154642574235
0.4599144599204454
0.460028844013105
0.4601524444134761
0.46026093760964737
0.4603868443541341
0.4604645685812116
0.4605708380830249
0.4606537477805033
0.46072900476798473
0.46081465179998155
0.4608685146596922
0.4609552517453738
0.46100585541870975
0.4610441942922512
0.46108608398581163
0.46114822564642977
0.46116611103547817
0.4611962414819719
0.46122449708928787
0.46124454354784133
0.46125797494499093
0.46126635538265043
0.46126789320145395
0.46125515831350294
0.46123934599623184
0.4612161935373395
0.4611823742337607
0.4611423512399333
0.46110040618463777
0.4610407830091074
0.4610046671284963
0.4609403205374909
0.46084627332273836
0.460797683196616
0.46072149115794486
0.46063566565934183
0.46054277944796435
0.46045995387818056
0.46036632540871064
0.4602285927622874
0.46016930687704855
0.4600188235803734
0.459934248426001
0.4598393818476689
0.45968871316133614
0.45959352934203423
0.45947304385818344
0.4593660234282504
0.45919221278622363
0.45907809493937674
0.4589441410817465
0.45878151108123344
0.45866165053498353
0.4585258167930194
0.45836305203509103
0.4582319916921694
0.45805534708839307
0.4579164950402996
0.4577675192328876
0.45762850930937243
0.45746312696006136
0.45731331164778116
0.45717575906325886
0.45701686899541677
0.45685082475190913
0.4567184835763801
0.4565619717448852
0.456410117590846
0.4562459580029507
0.45609201322015197
0.45595220928934316
0.4558036569260723
0.4556609033569366
0.4554811381152433
0.4553477969857917
0.45520349606096305
0.45505516538681157
0.4548803047478151
0.45476310920087687
0.4546174419647068
0.45449032376584253
0.45436687269819126
0.45422748531004187
0.45410163242539386
0.4539767501824128
0.45385533564484726
0.4537382330768488
0.45364357257969984
0.45351628587930154
0.4534184752886675
0.45331620465573896
0.4532265592889229
0.45312628710228303
0.45306400692253024
0.4529867449379728
0.4529044678420428
0.4528404551049982
0.452806905898829
0.452733278229146
0.45269881431926184
0.45265458750830906
0.4526297469955066
0.4526124445601017
0.452590223509293
0.4525715219297785
0.4525800541635785
0.45257834726614893
0.4525991999764453
0.4526345467069606
0.45264777481461854
0.45271334038668776
0.45274524423468626
0.45280455390986213
0.4528797204532921
0.452947036501488
0.4530230876242678
0.45312282858359326
0.45322076871592154
0.45333861479541593
0.45346600866815484
0.45361066375753173
0.4537515710379071
0.45390563711569737
0.4540923464857239
0.4542860481383906
0.45448895870508044
0.45468915556894357
0.454897694705401
0.45510500945937704
0.45530867808764236
0.4555346292408894
0.45572768286379856
0.4559389825170184
0.45615878470329163
0.45639469746341815
0.4565759805141858
0.4568004587532095
0.45703068595916796
0.4572693776142329
0.457458934821628
0.4576897119422564
0.4579067674385298
0.45813933936982937
0.4583430519437858
0.45858075639873846
0.45880659130501744
0.45902004936085233
0.45924762640373323
0.4594758634313638
0.4596866010547323
0.45991826362790406
0.46013160617069593
0.4603559321708816
0.46057562430152543
0.46080836292847777
0.4610308346396764
0.46124954611097924
0.46146134912461506
0.46168209802986443
0.46192098941075943
0.46211437640318553
0.4623512363652599
0.46256824405686264
0.46278465688370396
0.46301819488039625
0.46323433434180644
0.46344077346501805
0.463654920632838
0.4638828155615805
0.46408690847098866
0.46431079393578434
0.4645213480204044
0.46473467357904835
0.46496078624387127
0.46516822026512034
0.4653812152645332
0.4655924981467154
0.46580608835217197
0.46602220116784476
0.4662170861066623
0.46642586244930206
0.46664711828871597
0.4668480478245794
0.4670536895289057
0.4672640958391898
0.46747837866980796
0.467671695340514
0.46788925610238974
0.46810167662218694
0.4682927806971963
0.46850532179364346
0.46870733456608005
0.46892009820584835
0.46912070822215063
0.46932624642114096
0.4695344556271189
0.4697270860896811
0.46992479840444956
0.47013654893253176
0.47033759123816105
0.4705619431868591
0.4707438527501059
0.47094350748671593
0.4711457060066545
0.4713558677413021
0.47155156902778905
0.4717635533653457
0.4719713192606439
0.4721596829810468
0.4723428907064676
0.47256087691034265
0.4727607744811336
0.4729636662060838
0.4731556362192488
0.47336404713370783
0.47355220754572835
0.47376059363942474
0.4739489008820071
0.47414560284706814
0.47434778508731323
0.4745396314750715
0.47476210005733943
0.4749570378687212
0.47513385193019975
0.4753456888109192
0.4755393646940885
0.475747787802229
0.47594614190960005
0.4761449598527967
0.4763533662454579
0.4765597789673855
0.4767527197861063
0.47698707826731407
0.4771888780910968
0.4773795912182757
0.4776174589698214
0.4778215919853934
0.4780535179729205
0.47826549680406616
0.4784942843968507
0.47872650370196584
0.47896887884679656
0.4792091814018267
0.4794319984392561
0.4796811822450082
0.4799113360349017
0.480129171176704
0.4803545065653474
0.4805694051202323
0.4807987697469824
0.48100739124278835
0.4812143588360983
0.4814458780330801
0.48164257594286863
0.4818749786728636
0.4820949078257594
0.48230794894597995
0.48252036487589867
0.4827284906596918
0.48295089116054024
0.48317644661525083
0.4833896074632422
0.4835898599018154
0.4838195185922995
0.48401606812883174
0.4842377465588216
0.48444044655730856
0.4846485727585539
0.48486256473730943
0.4850904818775466
0.48530261890616444
0.48548640501385243
0.48570171518381167
0.48591874217435943
0.48614048345440813
0.4863408574689633
0.4865608839955576
0.4867613553892919
0.4869736881166733
0.48720002324856887
0.4874026841106
0.4876263349775442
0.48783441497986296
0.4880464894280859
0.48826410532044295
0.48846756934359425
0.48869960816557534
0.4889039480525318
0.48911910235940737
0.4893598233828539
0.48955666401278475
0.4897590797748576
0.4899926040422481
0.49020763759900216
0.49041671099700085
0.49065585942619305
0.49087556813853833
0.4910835567041746
0.4913183086796148
0.4915193548354136
0.4917726131846729
0.49199888164952627
0.4922027132455997
0.4924350678163256
0.4926815322521416
0.49290030867454365
0.4931262715288407
0.493353129066129
0.4935926405536457
0.49380744992777403
0.49405488037215806
0.49426292028822827
0.4945178404522978
0.4947195117427222
0.49496023674852774
0.4951995904785509
0.4954166784800529
0.4956465692703232
0.4958967320743128
0.49611818615896075
0.496338173035256
0.4965821547532694
0.4968139201533155
0.49703132121630544
0.4972714036680048
0.49750966582757733
0.49771841327559513
0.49795177503615046
0.49818402373013376
0.4984095340061722
0.4986208205608573
0.4988662858103104
0.4990736853089657
0.4993035594925407
0.49951312149136806
0.4997487836025635
0.499953684925708
0.5001562385737439
0.500359845875102
0.5005751657798625
0.5007763675381919
0.5010026919902644
0.5011949435243914
0.501373872297469
0.5015761339960764
0.5017501353185656
0.5019167243204016
0.5021097063156866
0.5022821546083269
0.5024387555785894
0.5026019581118951
0.5027421399591906
0.5029047008607593
0.5030446029397582
0.5031640699715542
0.5032819790606848
0.5033973271106612
0.5035162258994523
0.5036031758293349
0.5037001761477102
0.5037781505249844
0.5038522085833074
0.5039230402761271
0.5039848947026081
0.5040307789169141
0.504075014650548
0.5040939463626279
0.5041181990626659
0.5041414980381571
0.5041468809228002
0.5041311103408337
0.5041375836821648
0.5041130246203118
0.5040819625743109
0.5040479907310268
0.5040199180989093
0.5039656236011275
0.5038947205125346
0.5038479766464738
0.5037742393607476
0.5036855905653909
0.5035811462060524
0.5035079791891999
0.5034289323604619
0.503323832608918
0.5032279079987855
0.5031433890080264
0.5029934031173082
0.502892391452467
0.5027602266300643
0.5026538174676597
0.5025180162642996
0.5023973290990063
0.5022768797773697
0.5021074805945165
0.50197599395984
0.5018374857831881
0.5016693119139607
0.5015776747456894
0.5014050534177802
0.5012514253770233
0.5011180899355057
0.5009627927464804
0.5008207141119222
0.5006826029408926
0.5005051876893543
0.5003491003037827
0.5001914053183638
0.5000363097131574
0.49987381612099224
0.4997347719287662
0.4995943928897936
0.4994309287296709
0.49929162427476803
0.4991502989431723
0.4989885814068001
0.4988165996632482
0.49869279547294754
0.498539020590138
0.49838229548098073
0.498269763052981
0.49810842202520966
0.49800046456011865
0.49785356242526835
0.4977310588443302
0.497613823092471
0.49747920623879915
0.49736323823331674
0.49725316790870083
0.4971612410375683
0.49704823617929295
0.4969381366940979
0.49684695839999343
0.4967582676193298
0.4966794977699941
0.4966186643824938
0.4965342878210278
0.49644694360447766
0.4964328886758967
0.4963511727449746
0.49631280972467745
0.49629299930128923
0.49625941553805564
0.4962475213275567
0.49624096113560234
0.4962403232969547
0.4962456245650428
0.4962741566439863
0.496278007580758
0.496323836645616
0.49636899582663585
0.4964173645930553
0.49646446272961237
0.4965359691941498
0.4966173263486078
0.49669701776288305
0.49677661934830497
0.49688814687599864
0.4969825048046912
0.4971277628552279
0.4972345413213609
0.497364604413791
0.4974810350136127
0.4976434683776646
0.4978165308699788
0.4979574333746927
0.4981205761939254
0.4982728867684866
0.4984859700412968
0.49865344206198875
0.49884655952703805
0.49903283952377914
0.4992354777459729
0.4994597412928518
0.49964902953638096
0.49987195949507096
0.500069116928201
0.5003035995074411
0.5005252837482311
0.5007287548339874
0.5009471192209961
0.5011836229414675
0.5014029849182816
0.5016144783254253
0.5018309547182384
0.5020595000921633
0.5022733489273302
0.5025031228326806
0.5027143598467416
0.5029480597094078
0.5031570079997962
0.5033835282176873
0.5036016430435897
0.5038264776344605
0.5040382656961301
0.5042653251116576
0.5044891030804445
0.504694952683982
0.5049291201355074
0.5051448269729125
0.5053686215612557
0.5055892322624386
0.5057832378843823
0.5060146669885698
0.5062361338062845
0.5064449532588584
0.5066586575216496
0.5068955713888047
0.5071145829018311
0.5073342425607471
0.5075241290024572
0.5077529484644325
0.5079587913379369
0.5081901445169912
0.5084050656628696
0.5086141588496752
0.5088331090731621
0.5090476468658328
0.5092718750712971
0.5095010873420036
0.5096965881735914
0.509896496735532
0.5101217214657683
0.5103567788837557
0.5105466722738253
0.5107784722812118
0.5109841997692977
0.5111817088538764
0.5114241135393912
0.5116213280782366
0.5118519912518009
0.5120598684369131
0.5122765718823991
0.5124834283727573
0.5126990192726472
0.5129022221104903
0.5131020799879393
0.513318553874885
0.5135466632307241
0.5137620205496088
0.5139731388231109
0.5141651479611706
0.514384675340229
0.514613296122879
0.5148291241544598
0.5150163578471323
0.5152246595014771
0.5154337404484592
0.5156673045616308
0.5158885072506733
0.5160881318026805
0.5162976997850274
0.5165231449681122
0.5167090616492779
0.5169387889821321
0.5171424137979688
0.5173509415466807
0.5175753749189619
0.5177784055204849
0.518012524010293
0.5182020696334649
0.5184149224448705
0.5186257991778874
0.5188624594311606
0.5190553433338948
0.519266591468425
0.5194815043592738
0.5196926846751266
0.5198936869854605
0.5201083537306
0.5203174887441021
0.5205234936293873
0.5207287159878722
0.5209324082495169
0.5211379044155762
0.5213365905746652
0.5215450554776899
0.521756336398319
0.5219556973397963
0.5221610173346644
0.5223572102079688
0.5225628577766311
0.5227680115144153
0.5229688415310328
0.5231702426722944
0.5233764738967761
0.5235878009110586
0.5238018645518481
0.5239940860712635
0.5241945069545381
0.524426126341742
0.5246231747486749
0.5248501387881591
0.5250518172393186
0.5252621240858931
0.525481206085735
0.5256723961306793
0.5258921789385944
0.5260815519259651
0.5262973295275613
0.5265058747256741
0.5266903586992357
0.5269002495390314
0.5271021571878881
0.5272892435336447
0.5275002756469128
0.5277064545770672
0.5279148327572275
0.5281112478008906
0.5283013580675259
0.5285336912024211
0.5287181404054415
0.5289460431472404
0.5291638403290468
0.5293801913549365
0.5295970708172599
0.5298361586135552
0.530055853773351
0.530286726292178
0.5305309593932629
0.5307574158610376
0.5309920286705829
0.5312358126609312
0.5314761124423881
0.5317197306986486
0.5319411569443478
0.5321814453332329
0.5324084650296491
0.5326233721543767
0.5328542774099925
0.5330813718960395
0.5332790960922784
0.5334940478007579
0.5337158096550806
0.5339292783470388
0.5341344048025336
0.5343624790980891
0.5345541777681048
0.5347595063654971
0.5349782116806823
0.5351792150882855
0.5353828427015844
0.5356014273753309
0.5358147664429672
0.5360065056606274
0.5362307011920423
0.5364338491849702
0.5366336211732861
0.5368426949118137
0.5370552932761935
0.537265665240297
0.5374650302084535
0.5376822403259633
0.5378969914854926
0.5381004443824915
0.5383215206386662
0.5385239507686479
0.5387345550457595
0.5389492072023596
0.5391587815656291
0.5393823163520574
0.5395965997095794
0.5398079246044846
0.5400114195957479
0.5402198526431814
0.5404436955566524
0.5406802129035824
0.5408822067398956
0.5410964486691839
0.5413145387295293
0.5415240310602539
0.541771713413048
0.5419700958324508
0.542192534646841
0.5423981315201875
0.5426235834936886
0.5428354015110979
0.5430623150927921
0.5432536895544882
0.5434789496401078
0.5436893676496808
0.5439110545068185
0.5441151295393595
0.5443103520230557
0.5445201510514679
0.5447270181303896
0.5449097096794169
0.5451038883439985
0.5453011018652008
0.5454930665884752
0.5456575406602827
0.5458301552811743
0.5460170792324198
0.546180555038986
0.5463259719947077
0.5464689288876936
0.5466253753202438
0.5467517240911831
0.5468669059657131
0.5469828656267743
0.5470736101629178
0.5471638728792099
0.547226087453903
0.5472930379913548
0.5473225454213276
0.5473949954095934
0.5474007551530223
0.5474263403986234
0.5474333451007777
0.5474220623945258
0.5473984512325971
0.5473710016310763
0.5473750769399083
0.5473439534515125
0.5472892298090931
0.5472299666183665
0.547160634872151
0.5471068855966801
0.5470506010188178
0.5469476731190981
0.5468702189241403
0.5467741421523551
0.5466728030798419
0.5465795048627341
0.546479341338404
0.5463569499023425
0.5462549646757366
0.5461360745767571
0.5459879117288549
0.5458705112149315
0.5457548147912379
0.5456152534059476
0.5454571303998512
0.5453237559085035
0.5451987751936781
0.5450423902095036
0.5448799553213688
0.5447404971267904
0.5445749464712587
0.5444109256115616
0.5442736345619291
0.5441171730559996
0.5439689548600487
0.5438111400013019
0.54367084082048
0.5434874705710044
0.5433422593445041
0.543165373612364
0.5429953467373926
0.54282777676538
0.5426714620715725
0.5425375549927787
0.5423708856578792
0.542208689639094
0.5420793030529755
0.5419118927040687
0.5417630546645145
0.5416055491542684
0.5414602821403237
0.5413432078478119
0.5411839191307509
0.5410126902298668
0.540891431198906
0.5407638290743136
0.5405907346533928
0.5404491081579608
0.5403259479764295
0.5401822059596059
0.540068306048402
0.5399165055757992
0.539811121546598
0.539696316400409
0.5396135906852251
0.5394943990743327
0.539386827352394
0.5393109169614386
0.5392309909281744
0.5391526424137681
0.5390662780013024
0.5389937771060214
0.5389399706327669
0.538867297880393
0.5388072867695387
0.5387664454510066
0.5387248052725961
0.53869175032827
0.538661550756214
0.5386660315527144
0.538619390918391
0.538617238485931
0.5385937319774362
0.5385640909242352
0.5385959393462736
0.5385824066192324
0.5385703885906018
0.5385861381219541
0.5386064411651854
0.5386203268740728
0.5386335567666088
0.5386907497473273
0.5387192614782224
0.5387879478095846
0.5388444261617678
0.5388857180632456
0.5389296509469708
0.5389966571319521
0.5390508596118443
0.5391310330062413
0.539189549971785
0.5392667779986534
0.5393352882638203
0.5394017167210633
0.539459619069473
0.539502496458894
0.5395636548209922
0.5395709899247274
0.5395914841993931
0.5396033907974805
0.5396019554157135
0.539585682526919
0.5395603903134641
0.5395222578566261
0.5394763071967765
0.5394249262358102
0.539351709836111
0.539257268346732
0.5391569409205605
0.5390587572204885
0.5389476698460598
0.5388520213758287
0.5387042167566108
0.5385641760791563
0.5384199749965363
0.5382556008772647
0.5381097631787036
0.5379377609911107
0.5377602128225764
0.5375803193704167
0.5373949302228198
0.5371850523051189
0.53698942993503
0.5368039038621614
0.5366054084106825
0.5364116654950217
0.5362008443659126
0.5359871304096594
0.5357724687148889
0.5355712947292498
0.5353255278351117
0.5351298729397486
0.5349081470029574
0.5346807416082953
0.5344658951513644
0.5342419376628523
0.5340258807149428
0.5337915804972168
0.53359158813891
0.5333253928219854
0.5331295639948332
0.5329155749667621
0.5326629844160637
0.5324390834067112
0.5321889487207287
0.5319607372881133
0.5317301287794062
0.5314835291631369
0.5312107649560243
0.5309584787103379
0.5307290104617433
0.5304678167145391
0.5302215986975072
0.529962382891848
0.5297112121726337
0.5294515500938068
0.5292066703812242
0.5289161868281348
0.5286684842389784
0.5284113561647792
0.5281721932765466
0.5279202734825642
0.5276610774819608
0.5274574629395424
0.5271598354709398
0.5269212234615653
0.5266512092280797
0.5263858644988761
0.5261369593337564
0.525896279472296
0.5256205133888763
0.5253671530117522
0.5251260167294977
0.5248671995743315
0.5246029486995831
0.5243708593527235
0.5241397909424859
0.5238795654482181
0.5236402279262669
0.5233857038237483
0.5231280451478502
0.5229022141630658
0.5226395595281561
0.5223911112765274
0.5221255371711775
0.5218768112109907
0.5216589981554574
0.5213880246683472
0.5211266048998305
0.520896670204209
0.520608786069923
0.5203550342478621
0.5201115102834551
0.5198689113742286
0.519618371054129
0.5193794193760594
0.5191065613307125
0.5188707430795798
0.5186120227132848
0.5183603575102889
0.5181299143755939
0.5178788631545247
0.5176352744322188
0.5173880111088143
0.5171522920021786
0.5169002944622716
0.5166664962972745
0.5164497400395127
0.5161666976512085
0.5159628839006324
0.5157363460438977
0.5154730252584849
0.5152309226878314
0.5149756956882638
0.5147466907663271
0.514495478331288
0.5142795093837751
0.5140125950101065
0.5137770703620604
0.5135502514069744
0.513305204296289
0.513055568848576
0.5128323331031619
0.5125862483324005
0.5123484423634224
0.5121102621344602
0.5118867495554682
0.5116079949124098
0.5114005983114711
0.5111468690606684
0.5108834941032055
0.5106102804467961
0.5103748970513032
0.5101277960775541
0.5098867057521146
0.509609035535602
0.5093860134190675
0.5091319005796084
0.5088991170846404
0.50865143086396
0.5084062841941203
0.5081496516721314
0.5079050455168912
0.5076633732347197
0.5074161748210934
0.5072086273721517
0.5069409786387973
0.5067134306769076
0.5064785372019904
0.5062455918407797
0.5060097618562986
0.505778321960086
0.5055463160120738
0.5053065379369501
0.5050573629184965
0.5048256631512026
0.5045891579138081
0.5043421424969404
0.5041078638027828
0.5038842893562896
0.5036424394270941
0.5033754467568368
0.5031606045317281
0.5029353609878969
0.5027000012420937
0.5024600705500527
0.5021962378118618
0.5019757533353989
0.5017483373780908
0.5014872184898488
0.5012689814885641
0.501035569180579
0.5007752761034536
0.5005277550876247
0.5002916178614099
0.5000643083768059
0.49979847667320576
0.4995597503751952
0.4992985692559887
0.49905564888659515
0.4988038446130622
0.498562093702383
0.49830026394748517
0.49804985548232955
0.4978051221884779
0.49754399942196753
0.4972985380478685
0.4970278142970781
0.49676774878538366
0.4965139669667237
0.4962968253987636
0.4960291944383338
0.49578024439551427
0.49550570976888936
0.49526912076047125
0.4950185679838834
0.4947446510142555
0.49448689228306325
0.4942457959337754
0.4939686228602448
0.49370389508128004
0.49344733104280153
0.49320789396337195
0.49297292176198554
0.49271270821059276
0.49247057599401095
0.4922397795681038
0.49196109275172756
0.491696364425541
0.4914586953957802
0.4912031396437686
0.4909745672315604
0.49073247150672455
0.49050243706230295
0.49024790324718326
0.4900188393628522
0.4898283434193825
0.4896129201950655
0.4893928346919844
0.48917894206892937
0.48895598127286916
0.48872088198763897
0.4885041612599036
0.4882728546128206
0.488074936723304
0.4878651036945717
0.487672026989067
0.4874600127356865
0.48722604857850405
0.4869756719217689
0.48671848853699845
0.4864502359845849
0.48623161218859723
0.4859011443176481
0.4855530094132596
0.4852035704910401
0.4849675952320962
0.4846696156167689
0.48440086306487806
0.48420847142799
0.48398753357630125
0.4837532281717171
0.48353129384411636
0.48324202576342606
0.48292875074890496
0.4826720538236989
0.4824156812501414
0.4822038191827484
0.4819827244687523
0.48179726449327714
0.4815382633318822
0.4813426391982693
0.48112409197350353
0.4808832083910268
0.4806899740941697
0.48047441971019716
0.48022551410706404
0.4799711534576774
0.4797634545756171
0.4795190100355061
0.4793018794739483
0.4790704298282735
0.4788277438834802
0.47856296167994294
0.4783711783362702
0.4781458484062875
0.4779269418091786
0.47768934577546635
0.4774423992883095
0.4772199032730796
0.47696887878894395
0.47674034920364283
0.4764895250424979
0.4762246576232703
0.4759587688209949
0.47569936986683176
0.4754210601850235
0.4752007623774968
0.47494044866809093
0.47470153435957146
0.47444824695401255
0.4742044635479856
0.47398292659980057
0.4737287096401792
0.4735049496029942
0.4732344205710662
0.4730135253519341
0.4727544551769188
0.4724871737202917
0.4722449644301401
0.47197954079264093
0.4717406411642745
0.47148521509892344
0.4712216953228499
0.47099466918402266
0.47073360984792567
0.4704695682287682
0.4702056611002345
0.4699858641086039
0.4697025260482773
0.4694538698339279
0.4692004271912375
0.4689496525493598
0.4687110366304566
0.46846740215672994
0.4682524891576793
0.4679841038311069
0.4677627307945306
0.4675298247208854
0.4672756711544675
0.46706212093146104
0.4668383891564566
0.4666208675443801
0.46638910796666433
0.4661743603175278
0.4659371999500722
0.465709516678985
0.46550525890231526
0.46529128610211834
0.46509088218920674
0.4648805406507025
0.46467473723319797
0.46447514018280417
0.46428626329435085
0.46409395093601385
0.4639141044783289
0.4637149848503175
0.4635551991484477
0.46336295942644457
0.46317920045498784
0.46302304876462763
0.4628790727299952
0.46271632799169665
0.4625571932227214
0.4624172661040935
0.4622963415909597
0.46215439478456694
0.46201349112347107
0.46187277886284583
0.46178660556098544
0.46163975369580273
0.4615563652340942
0.46143463186306916
0.4613551563147384
0.4612593220463141
0.4611651454212739
0.4610996787923566
0.4609947554517689
0.4609377795821742
0.46088040469477326
0.46079737254700553
0.4607343460324073
0.46069205408895497
0.4606477848528488
0.46059062873438045
0.46054797296655325
0.46050757832574907
0.460464516961133
0.46041878431409144
0.46039158815077813
0.4603686561687537
0.4603547231902057
0.4602881423447539
0.46026144694825993
0.4602490957521922
0.4602278989296288
0.4601944850284264
0.46017297609657076
0.4601363002874662
0.4601257762521862
0.46009362997063624
0.4600618118634184
0.4600412450012061
0.4600067956878835
0.4599819692055532
0.45994600694586
0.459891745154709
0.4598644019310712
0.45982450923024226
0.4597833988602276
0.45973044399840685
0.4596864981389336
0.4596162847448929
0.45956888729351814
0.4595322924285931
0.45943530275120475
0.4593845177049907
0.4593230531825073
0.45925166115494576
0.4591804740535257
0.4590984265601033
0.4590260028812142
0.4589421079705006
0.45886924045138233
0.45877688826900737
0.45869424577360685
0.4585984322636234
0.4585221114827493
0.4584074583436123
0.4583193088146315
0.4582265638852699
0.45811780093059123
0.4580187147612299
0.4578953284618901
0.4578005981484219
0.4576656029089184
0.45756513184301
0.4574289009369063
0.45731454970495444
0.45717242091868926
0.45705439210875154
0.4569109200960593
0.4567711035158968
0.45665515842515286
0.45649139220947993
0.4563677870618946
0.45621326761081576
0.45606483850166174
0.45592686485319533
0.45578120501027447
0.45562842317840685
0.4554970913114627
0.4553353610529668
0.45520094282188317
0.4550410078204259
0.4549091163874436
0.4547881784364708
0.45462485098529765
0.4544988590535262
0.45435493836467533
0.4542245696643551
0.45410278620131533
0.4539757758195264
0.453840083480862
0.4537303252364589
0.45362067379090854
0.45350859442807506
0.45339934133774273
0.45331439626765574
0.4531918136599066
0.4531132585431364
0.45301288248922245
0.45293370176438297
0.4528576402781097
0.45279223256894874
0.4527231646497193
0.4526643344466093
0.45261449358961486
0.45257740210699393
0.45252317294213096
0.4524954430398693
0.4524845983074268
0.452442917037076
0.45245869506801406
0.452432286872113
0.452463159726938
0.4524564903687381
0.4524707818115821
0.4525089259076773
0.45254805789625197
0.4525894898510013
0.45266787300879713
0.45270584478051046
0.4527775126525935
0.4528407515336142
0.4529401348678386
0.45303034963517236
0.45314040500396274
0.4532550776401408
0.45336077603627034
0.453494073423126
0.4536323067721871
0.45374073319570946
0.4539044235273592
0.45405838297024953
0.4542378727964015
0.4543932912626997
0.45454611478581014
0.4547336600617457
0.4549231031507997
0.45511471669989
0.45530269169748255
0.4555021250661951
0.4557018838025999
0.4558994799420628
0.45611860999287274
0.456333479125351
0.4565428582385518
0.4567525644138888
0.45698240028839904
0.45719863237574876
0.45742427504244676
0.4576401151543594
0.45785253778107415
0.45807922859466615
0.45831420144345264
0.45853347416919965
0.4587691624335475
0.4589830262466058
0.4592172193820633
0.45942472698100206
0.45966826825350254
0.45990442645541896
0.4601089409460282
0.4603442072930714
0.4605934226824177
0.46080758465227145
0.4610532934594246
0.46127924013263455
0.4615295169545846
0.46175254531443066
0.4620193330090482
0.4622543614220074
0.4624898408158062
0.46273833894437066
0.46298397452010787
0.46322529796558864
0.46345861951042583
0.46369306074568223
0.46392222469161815
0.4641515831589353
0.46438783524357174
0.46459221625943664
0.46482404549227985
0.4650495825785765
0.4652667262994094
0.46545936035650215
0.465690397225331
0.46590625466733726
0.4661361817600699
0.46632518772614856
0.4665606837945142
0.46675176535477153
0.4669866143023309
0.4671884129368678
0.4674026576276805
0.4676253117894117
0.46785003485201343
0.4680518258157429
0.4682876056640294
0.4684989945567289
0.46873229319153026
0.46893609889275223
0.46915228796743363
0.4693622216507467
0.46958824821419914
0.4697874324718941
0.46999877603084594
0.4702213958166383
0.47040766389380384
0.4706158539934578
0.4708006912783421
0.4710107455398361
0.4712131111340456
0.4714171366418992
0.4716040604062003
0.47181393398806665
0.47200541517674105
0.4722039925163883
0.47239711043660887
0.4725948364347073
0.47279787505428517
0.4729703656111762
0.473175925318064
0.47337006572381646
0.4735793173905467
0.473772502428934
0.4739742833702416
0.4741589152719938
0.47436602879440426
0.474573255696097
0.4747624880600095
0.4749903413148446
0.4751871600265844
0.47539414553457365
0.47560378845961837
0.4758362612794668
0.4760456210207673
0.47624397136168223
0.4764769784340615
0.4766933842020412
0.47689591469906756
0.4771389491745991
0.4773359406160032
0.47757182726192837
0.4777726553945204
0.47801360402203036
0.4782404640240107
0.47847837344877747
0.47869875311231996
0.4789260490310539
0.47917751048075924
0.47938216063150235
0.47959941016731505
0.47982019616192556
0.4800482438204945
0.48025471544863274
0.480457894039999
0.48066505943331383
0.4808914473676048
0.48107720349179933
0.48129880695683397
0.48149985073510804
0.48169713351273624
0.4818933335145717
0.4821255746770491
0.4823325312753625
0.48253871604412346
0.4827293634224278
0.4829361865544258
0.4831329138383303
0.48335034955635825
0.48354783332249024
0.4837626672760216
0.4839579457256708
0.484171413173178
0.48438353226110153
0.48456864707225217
0.4847957224029501
0.484980941940548
0.4852027393564017
0.4854154111343217
0.4856018887146735
0.4858121558000793
0.4860443305493148
0.4862426603883111
0.4864265464238122
0.4866489775571982
0.48684339542726757
0.48706277917931906
0.487283425594819
0.48748219471844234
0.48768440043911776
0.4879025701420104
0.48810901517768596
0.48832785454199673
0.48853005393713933
0.488752913679833
0.48893777885558554
0.4891602107079438
0.4893517653271473
0.48959203570920223
0.48981222960265014
0.4900241638686389
0.49021830222785717
0.4904238062677686
0.49064601586809775
0.49088117110826124
0.49108939704083693
0.4913194346836374
0.4915430263049529
0.4917288815722533
0.49194826461781566
0.49218434177336345
0.4923939781264226
0.49262596747274623
0.4928467227412444
0.4930660382018232
0.49329728135773016
0.4935182982212697
0.49377327314698266
0.49400340545893223
0.49421599514813314
0.4944559191561601
0.4946992171575978
0.49495638785582263
0.4951998088833879
0.49543801358909806
0.4956904769334405
0.4959359527335744
0.49619783605684686
0.496426635466891
0.49667954733183683
0.49691750512412636
0.49716922917526013
0.49738674942302663
0.4976327791051297
0.4978783461808793
0.4981093088489423
0.4983328376593589
0.498561979771623
0.49879027580077717
0.4990331343241463
0.49925191055170004
0.499459584095898
0.4996860678504144
0.4999168154820324
0.5001469641283189
0.5003420417374761
0.5005591638091185
0.5007837043493216
0.5009704298646727
0.5011727033055743
0.5013766352856829
0.501571720903311
0.5017921157099349
0.501957134435201
0.5021351404244465
0.5023148403699076
0.5025037297352873
0.502667312939084
0.5028295339960148
0.5030061065271071
0.5031216553660522
0.5032690125473416
0.5034059313085955
0.5035280313496412
0.5036326496822706
0.5037308143002922
0.5038264474372744
0.5039135731587336
0.5039737264665588
0.5040387733558204
0.5040890938150422
0.5041506488023213
0.5041904822793579
0.5042235365742193
0.50421975665083
0.5042273381630764
0.5042514836061156
0.5042406700014214
0.5042511203537994
0.5042134791816422
0.5041783512707078
0.5041504720692642
0.504102104552084
0.5040478851760342
0.5040011065366502
0.5039440633394073
0.5038858845433006
0.5037978929121565
0.5037110941166706
0.5036256713468193
0.5035482813356816
0.5034568797352988
0.5033417729318012
0.5032311221855987
0.503097874758207
0.5030321955051141
0.5029051439117035
0.502765504524772
0.5026407535339449
0.5025168050096309
0.5023852233793057
0.5022479378210355
0.5021220322174794
0.5019782588685349
0.5018117996538143
0.5016758019778892
0.5015296527500386
0.501370682116374
0.5012361240507219
0.5010654140784427
0.5009142860155621
0.5007599484108685
0.5006018427523284
0.5004588463312631
0.5003002781514199
0.5001210638373732
0.49997631749442917
0.49982249824387015
0.4996696175165026
0.49952354747650696
0.49936685910876
0.4992070212914984
0.4990455895669892
0.4988854890462781
0.4987303490036853
0.49856383251331177
0.49843389644487757
0.4982660628706299
0.49815604984415884
0.49799010268827326
0.4978446166881487
0.4976970173112375
0.49757521752578016
0.49745493319937045
0.49734094346146623
0.4971966283026673
0.49708864215642123
0.49698214773234295
0.49685996834134394
0.4967608661159389
0.49664405356639235
0.4965468920259743
0.4964635621235025
0.49638131309395356
0.49629635501533553
0.49621855806470216
0.49614818344835954
0.49609467362338094
0.49603518037447536
0.4959906919823541
0.49595857181799585
0.49589869751647986
0.495895199321851
0.49587472612919453
0.4958488228423478
0.49585530301442554
0.49585360307863646
0.49587314293355583
0.49587890386242744
0.4959062945626916
0.4959552670672423
0.49600427776041356
0.496055641402714
0.4961272701808051
0.4962008047192141
0.4963002896724423
0.49637962706933747
0.4964769915233762
0.49659393622359665
0.49668518238808884
0.4968115639709655
0.4969564641667202
0.497078241727994
0.49721453409901184
0.49737124675260375
0.4975240377472186
0.4976980943005411
0.4978564095514015
0.4980145091962447
0.4982241128783897
0.49839216395972635
0.4986086427206589
0.49879183029289165
0.49898467877124436
0.4991834867458372
0.49938749823464396
0.49962845666739536
0.4998220458559668
0.5000592364648169
0.5002789184146842
0.5004849073694104
0.5006974838743049
0.5009396424587601
0.5011635603554289
0.5013943906537324
0.5016412491914702
0.5018425223465269
0.502094393394509
0.5023095713811461
0.5025492766902425
0.5027762036228748
0.5030174355886422
0.5032488124928519
0.5034534979710209
0.5037048794331725
0.5039099113048133
0.5041484947063724
0.5044017164429461
0.5045884859648128
0.5048258430909667
0.5050540297399688
0.5052830837456815
0.5055022361249094
0.5057127107865608
0.5059442494676708
0.5061656364570066
0.5063636422564907
0.50660344282227
0.5068127220266474
0.5070283446827963
0.5072678958846149
0.5074698030198509
0.5076895774832787
0.5079107642051205
0.508119234489567
0.5083443168557132
0.5085581748463461
0.5087733556332791
0.5089848216142756
0.5092170806350661
0.5094198911363098
0.5096299307833414
0.5098582390114808
0.5100669329374355
0.5102864553316621
0.5104960606886113
0.5107271502924732
0.5109374313371673
0.511146561066116
0.5113507761230046
0.5115768797963112
0.5118039495468256
0.5120254488111854
0.5122304992767467
0.5124315305257825
0.5126579112435988
0.5128847874195207
0.5131033158609288
0.5132979560364247
0.5135093452227303
0.5137383777990843
0.5139601251551678
0.5141578069072815
0.5143756694269324
0.5145992231930414
0.5148139899305808
0.5150164832209605
0.5152333901252659
0.5154386279747692
0.5156465350591831
0.5158833749371637
0.5161090971438927
0.5163069514672325
0.5165084339800075
0.5167479195942326
0.5169592441743065
0.5171707079688378
0.5173984751066257
0.517623979240285
0.5178398375244159
0.5180561379440602
0.5182885227120313
0.5185106775601107
0.518728969374691
0.518954707571846
0.5191926406907629
0.5194088042359035
0.5196337965859514
0.519875047210586
0.5200918872135879
0.5203181402285137
0.5205470033865428
0.5207744138981112
0.5209721368913617
0.5211923064580862
0.5214035583362755
0.5216137270019731
0.5218295285945457
0.5220241018666798
0.5222283371524084
0.5224439828213842
0.5226267854079766
0.5228470765218562
0.5230681033411554
0.5232521008308736
0.5234522737682674
0.5236680085692546
0.5238703394009965
0.5240750578575827
0.5242643256390402
0.5244830437389351
0.5246657965291107
0.5248716991270777
0.5250656834444636
0.5252983928971487
0.5254684431209723
0.5256729278322302
0.5258719749309417
0.5260753451585636
0.5262828493238854
0.5264755965454494
0.5267014794335642
0.5268834074827854
0.5271080738406918
0.5273183032039112
0.5275107615637572
0.527714872819638
0.527934475200124
0.528142366814873
0.5283519194928326
0.5285557066788302
0.5287520389509424
0.52895816096264
0.5291696892551313
0.5293729745786037
0.5295784060859946
0.5297950779649426
0.5299849803182168
0.5301904252552649
0.5304075154292501
0.5306275703632308
0.5308050578646879
0.5310105095977004
0.5312397272105015
0.5314359174029811
0.5316300612013409
0.5318554796048395
0.532053260388765
0.5322601218956547
0.5324794968675464
0.5326577005291944
0.5328770847676326
0.5331039299085136
0.5333098966065847
0.5335025688980538
0.5337355604017922
0.5339347989566096
0.5341665250345123
0.5343795183521002
0.5345831248448373
0.534801644579656
0.5350556570780428
0.5352480809657035
0.535491004149771
0.5356986550535403
0.535919593810212
0.5361639569877403
0.536362170266263
0.5365894774498158
0.5368076624196811
0.5370328857979716
0.5372395032387304
0.5374685249659641
0.5376670166651004
0.537894453055404
0.5381084724326446
0.5383179060088003
0.5385418242613594
0.5387652340309714
0.5389744342983859
0.5392013141432566
0.5394032639501108
0.5396157004146325
0.539852869239949
0.5400688283009473
0.5403033767884873
0.540509291933275
0.540746997369815
0.5409758208403125
0.5412050497171249
0.5414300877933367
0.5416499930351921
0.5418890401847776
0.5421318111390677
0.5423549491131727
0.5425977696074065
0.5428205353078639
0.543052608948556
0.5432853941378143
0.5435235950149521
0.5437532472176605
0.5439904207715354
0.5441996629213017
0.5444400382444966
0.5446597069644771
0.5448913034430599
0.5450929866127135
0.5453026776275407
0.5455098519721672
0.5457249681607649
0.5459076917019627
0.5461070772780022
0.5462593712162281
0.5464573112899688
0.5466345638036397
0.5467665556465033
0.5469406902945272
0.5470872566874252
0.5472070867588074
0.5473555458626856
0.5474579972353756
0.5475721259869043
0.5476705194582597
0.5477556277071018
0.5478323873664867
0.5478882106344576
0.547945278872953
0.5479796531737129
0.5480189390740645
0.5480336304403621
0.54805908203125
0.5480511218744611
0.5480519479155265
0.5480395716715545
0.5480090317920113
0.5479720729696742
0.5479178836239723
0.5478687650989391
0.5477903339451735
0.5477245569524345
0.5476240934803225
0.5475467424029214
0.5474423785189365
0.5473442083131894
0.5472194536567524
0.5471081888139071
0.5469831356189273
0.5468664655829073
0.5467284767831667
0.5466146603508869
0.5464514011035181
0.5463061872303296
0.5461825770814247
0.5460182251798227
0.5458577454745277
0.5457153554959696
0.5455788868009752
0.545432435863248
0.5452624122925834
0.5450985711680181
0.5449526838303376
0.5447792383910266
0.5446342826027516
0.5444713267630858
0.5443019766242191
0.5441544266043699
0.543973875979559
0.5438186595512706
0.5436706110768321
0.543508422961937
0.5433590257660544
0.5432042853531317
0.5430416283908428
0.5428782246440671
0.5427279961229992
0.5426098226286543
0.5424244597411378
0.542286619868022
0.5421442581457223
0.542004940364433
0.5418558204077466
0.541736475707685
0.5416025071566676
0.5414697201051034
0.5413567510430018
0.5412319210011558
0.541117610748078
0.5410027109712788
0.5408966931387541
0.5407980704955156
0.5406972559418874
0.540603032558126
0.5405142087385323
0.5404305440539096
0.5403428983961847
0.5402755969343992
0.5402054428256867
0.5401443655122092
0.5400894526680222
0.5400282342789176
0.5399870173989825
0.5399498359565494
0.5399051980186712
0.5398698158979162
0.5398427612291845
0.5398299386439865
0.5398200980733957
0.539795851748065
0.5397612540477748
0.5397670629546395
0.5397663013945757
0.539752807159607
0.5397595853637575
0.5397692918240847
0.5397667715009544
0.5397616112567398
0.5397668697336767
0.539784061521292
0.5397987423252838
0.5397992053845925
0.539814274461454
0.5398194140328892
0.5398340603777045
0.5398275271592208
0.5398501979920128
0.5398493645910866
0.5398602145608439
0.5398713387536012
0.5398318255257999
0.5398494462939915
0.5398551216425056
0.5398343798567325
0.5398136447293048
0.5398012418747185
0.539773390790802
0.5397386429527657
0.539718324598143
0.5396599037674769
0.539616087377592
0.539564666800493
0.5394968065971216
0.5394469888051803
0.5393693706665343
0.539291002108988
0.5391962792131009
0.5390975295153767
0.5389972637300046
0.538877408697651
0.538776804133918
0.5386548738523075
0.5385117095551256
0.5383841713391858
0.5382259227664067
0.5380842735624485
0.537911979769366
0.5377378993505914
0.5375715084874653
0.5373856182448632
0.5372042948524873
0.5370230939632916
0.5368012927494218
0.5365854682941473
0.5364084935482052
0.5361843392655969
0.535953203878927
0.535745713254933
0.5355308563718797
0.535319254069045
0.5350678666269711
0.5348290241807675
0.5346123986046661
0.5343722705143575
0.5341572860572984
0.533913964393241
0.5336598278284201
0.5334413609394263
0.5331685098932107
0.5329399175343801
0.5327121410775053
0.5324356670570695
0.5321914468413679
0.531946788148812
0.5317132000269663
0.5314532757680323
0.5311837256748868
0.530950884249836
0.5306882856028168
0.5304395661585318
0.5302133640184294
0.5299479130439867
0.5296794827589004
0.5294337036250208
0.5291745389937946
0.5289253752706586
0.5286614161931108
0.5284169634144379
0.5281363080298976
0.5279209756863598
0.5276519472444814
0.5273806187020453
0.5271393492662505
0.5268724845647808
0.5266242228711118
0.5263788316993794
0.526117037862375
0.525855256432929
0.5256207107610199
0.5253568090363506
0.5250990250545305
0.5247997232929784
0.5245572087471025
0.524267566190524
0.5239810145636916
0.5237382393457595
0.5234534100867
0.5232196464401353
0.5229617639997534
0.5227103852829679
0.5224463547523021
0.5221911767571501
0.5219174048322186
0.5216373274498988
0.5213712033735433
0.5211084103315461
0.5208647086129157
0.5206230374225789
0.5203813073075346
0.5201192294517206
0.5198991247633208
0.5196205452738746
0.5193487218388585
0.5191455023112668
0.5188898463563124
0.5186390725609908
0.5184042033476126
0.5181451456077096
0.5179209517830436
0.517672629276094
0.5174665522180015
0.5172327368746727
0.516967737405586
0.516708203520507
0.5164805064818385
0.5162532226331648
0.5160002474768617
0.5157355475155893
0.515528926913801
0.5152834949957942
0.5150424409122694
0.5147961123547014
0.5145957415728095
0.5143960480762948
0.5141888465695098
0.5139702858940834
0.5137539414310717
0.5135282240591796
0.5133232108029607
0.5131432627172435
0.512920855902463
0.512689858557136
0.5125003666216941
0.5122799713321025
0.5120510358444745
0.5117998453037665
0.511556699629003
0.5113310014298541
0.5111050913714096
0.5109127320760988
0.5106861122984327
0.5104249536110257
0.510226813045231
0.5100554645355873
0.5097558224614924
0.5094359777420214
0.5092369930045931
0.5090097577613444
0.5086600368073609
0.5082663204729648
0.5078786946472112
0.507655086006939
0.507400105518696
0.5071225466502896
0.506952817758008
0.5067186076551402
0.5064835478022971
0.506265980618114
0.5060533110264794
0.5058607922402281
0.5055776300511978
0.505311169616932
0.5050650389912976
0.5048778185916368
0.5046582834253035
0.5044202664774725
0.5041732388161855
0.503926990689485
0.5037316847188977
0.5035155965394293
0.5032920805709858
0.5030584754167808
0.5028472423262744
0.5026346310496407
0.5023960892342283
0.502161801777119
0.5019201979927984
0.5016983327536392
0.501474783815526
0.5012280540618397
0.5009917662496871
0.5007392696802201
0.5004934098947823
0.5002712722315724
0.5000115945304306
0.49976426714985456
0.49953934983688575
0.49927934872400254
0.4990267479057876
0.49877551696209604
0.49850360725299264
0.49826922015700736
0.498005526876619
0.49777205604284125
0.49747813320896017
0.4972162540916835
0.49695337156938124
0.49667741293731454
0.4964228287079577
0.4961698516588887
0.49590850842016637
0.4956660012843389
0.495383497457692
0.49511995914884904
0.4948829658176537
0.49463136304065675
0.494363871861914
0.4940965811538639
0.49382655407007964
0.4935597553661812
0.4933308423311689
0.4930731442571949
0.49282362493353066
0.4925538319293905
0.49230255266969214
0.4920291204509624
0.4917849811464363
0.49153980678044445
0.49127981537052795
0.49102386139741055
0.49078408305171034
0.4905115991068855
0.49026611944197834
0.49001542939331005
0.48975141329561733
0.4894978997024317
0.4892692813173115
0.4890084734968201
0.4887591173855572
0.48851391321076587
0.48827505594421744
0.48802189386817485
0.4877671855239073
0.4875367107432555
0.4872928937415929
0.4870225540008193
0.48679808721673107
0.48652090802481185
0.48629100141083187
0.4860654754705459
0.4857930413458394
0.48553588966955136
0.48528886131730153
0.48505508080076637
0.4847945170304989
0.48455223395038605
0.48429815544227195
0.4840701696809481
0.4838089309594145
0.4835534881447649
0.48331266114258353
0.4830997304700468
0.4828294693267844
0.4825735466132104
0.48232015169797027
0.4820821367658621
0.48181803816525154
0.48158156312757033
0.4813417709235986
0.481085135640395
0.48083050717385717
0.4805745732470779
0.4803459221101599
0.48009868352678353
0.479881330384256
0.47961710156293375
0.4793829584173083
0.47913656727527687
0.4788965375801094
0.47865426135318256
0.47842764025294915
0.47816387344922584
0.4779153842148075
0.47768819602209855
0.4774800050991735
0.47720632794141526
0.4769589071024468
0.4767290892806043
0.4764995252569589
0.47623246148571513
0.4760038983881151
0.4757910608201497
0.4755305921634139
0.47529719253496666
0.4750686125768587
0.4748450252943749
0.4746161144312811
0.47439674135940113
0.4741316328263139
0.47390149608995363
0.4736720369989414
0.4734494425051359
0.4732278946269817
0.47298106537875306
0.4727137971067186
0.47250595356521324
0.47226273450452827
0.4720171240923747
0.47179426239861183
0.4715315707814235
0.4713050193629784
0.47105405270532463
0.47082966044439983
0.47059178688778963
0.4703534322833441
0.4701072626606554
0.4698844142679517
0.4696324881345482
0.4694088480646459
0.4691858420108805
0.46891840129843876
0.4686923117982119
0.46846568483816137
0.468234711357154
0.4680169416475213
0.467801039675056
0.46756485049058666
0.4673309062460269
0.4671241834510665
0.4669109310264222
0.46671077005521416
0.4664934699831394
0.4662748336022997
0.46606191668672814
0.4658694424101962
0.4656623022257648
0.465438807990581
0.4652247727127732
0.465008446927724
0.4648180577205132
0.4646100732528825
0.4644104201776121
0.4642105194916
0.4640403448562696
0.46384541880277724
0.463664092897884
0.4634782066182448
0.4633178762675516
0.46315823225284436
0.46297547615952744
0.46281414535597515
0.4626339715225666
0.4624975208201403
0.4623617035484092
0.46221357947771974
0.4620894273383465
0.4619635908787025
0.4618292057289886
0.4617196656683919
0.461624408800202
0.4615147985521453
0.4614326537429411
0.46132763399202065
0.46125548163153357
0.46119121355734977
0.4611205480586146
0.4610844943649015
0.46103501943923497
0.46098859049516394
0.460951563280171
0.4609340301418212
0.4609236200230577
0.4608928658647561
0.4608802466653162
0.46087411733070655
0.46090350636881994
0.46090608445186104
0.4609282009013653
0.46093535606907116
0.46094401540811186
0.4609852803471387
0.4610145077206123
0.46103571737391147
0.4610686713677057
0.4610934708294903
0.46113584630197685
0.4611526924272877
0.46120108226286854
0.4612252804711384
0.46125267657353114
0.4612696483914382
0.46129423926987334
0.4613096300944724
0.46131450498660953
0.46130936458024857
0.4613238244460173
0.4613207085255872
0.46129004493438747
0.4612490969972389
0.4612404489442938
0.4611946142932267
0.4611722235330687
0.4611309520657971
0.4610546996726046
0.4609891065653138
0.4609142061857506
0.460846206204696
0.4607615861224847
0.46068047664854433
0.4605789812749222
0.46050003526675476
0.46039082042342633
0.4602835368971179
0.4601775301527114
0.460055665015841
0.45994188639133415
0.45980642040673125
0.45968968573905866
0.45954180982572895
0.45940250242697744
0.4592609720026411
0.4591193770379004
0.4589786003344515
0.4588651375012324
0.4587295201946995
0.45858199912940834
0.4584634274371577
0.4583313228082036
0.4581744421079215
0.45803171396415415
0.4579013595874585
0.45776378925888994
0.45760116618929003
0.45746405947506774
0.4573143678845153
0.45718163962128805
0.45703024586800783
0.4568756142484801
0.4567279265234623
0.45659014549231447
0.45643311112717444
0.45632038668251745
0.45615859255943386
0.4560217432267376
0.45589433590295797
0.4557529684240753
0.45559394704335615
0.4554598121722039
0.45533633241124516
0.4552106270787634
0.45506721079246787
0.45494313306274997
0.45481473475210404
0.45469787182537685
0.45457353752292295
0.4544646285606111
0.4543377290675106
0.4542292396075926
0.4541137848546432
0.4540181203540142
0.4539242557922803
0.4538136075875227
0.45372213637236264
0.4536522137360695
0.45354571463922816
0.4534876779622823
0.45340418639282565
0.4533624882022876
0.4532757239469713
0.4532330180852492
0.45318880772111486
0.4531443650844823
0.45311608896871514
0.453086076519697
0.45306364915247266
0.45305254466894124
0.45304027650102585
0.45304987166254107
0.45307212115510326
0.4530634419472889
0.45311451672350833
0.4531332703959423
0.4531770042840652
0.45321397350344245
0.45328864689841486
0.45335040420526734
0.45342320078535014
0.45350456793216404
0.45360095681922025
0.45368460239907465
0.45380433506844997
0.45391845518071244
0.4540371608314527
0.4541673045776231
0.454323261401825
0.45445460904755186
0.45461016062512366
0.4547656702243011
0.4549516759823129
0.4551304526818285
0.4553198756601788
0.4554875977654925
0.45571467070400357
0.45590037909472847
0.4561141396550743
0.45631869057849783
0.45651826091815834
0.4567342577490579
0.45695500698215286
0.4571447680212141
0.4573582924101297
0.4576033090722452
0.4578005253006025
0.45799509031259944
0.4582268078949876
0.4584325178340565
0.45864945811294755
0.4588412261361039
0.4590938276863172
0.459297951782845
0.45952446395430263
0.4597185942821763
0.45995045935423645
0.4601546642066224
0.46037763753900446
0.4606029653460551
0.46080963154047183
0.4610170790883167
0.46122118635714915
0.46145492085911977
0.46165896932512074
0.4618658981179158
0.46209288461096415
0.4622881414236814
0.46251188251174086
0.4627123415680214
0.46293887906209563
0.4631410703571698
0.46334955912115017
0.4635531091928562
0.4637780815773089
0.4639875659743777
0.46420225131706955
0.46442006537589164
0.4646163742361002
0.4648267982180415
0.4650381731800534
0.46525343829423926
0.4654643779933003
0.46568562866469654
0.46590065789775886
0.46613940386148883
0.46632997278979044
0.46655723900835744
0.4667964247382348
0.4670214291936655
0.46725657849933555
0.46748881182116664
0.4677259024181609
0.4679446952465984
0.46819402328156295
0.4684047249306921
0.4686374333675833
0.46885418358508335
0.4690718058435537
0.46929942152547205
0.4694836438371709
0.4697329460963844
0.46993323722172836
0.47013087266532494
0.47035094252604537
0.47056356687238915
0.47076235721903686
0.4709744070024968
0.4711789261392743
0.47139428706295217
0.4715974678195616
0.4718220546280913
0.4720108677882181
0.4722525838630164
0.4724586243040246
0.472666051128349
0.472896565566071
0.47310179712429645
0.4733245819855259
0.4735384047090148
0.47376010452932066
0.4739720499443474
0.4742007140474661
0.4743911013716508
0.4746067412553875
0.47483270691762103
0.4750285064521586
0.4752505199180367
0.4754341158169587
0.47563693868044293
0.4758554826147723
0.47606940087776145
0.4762623200463875
0.47645425948075926
0.4766666541459801
0.47686973144381967
0.4770735776301359
0.47727417880854334
0.47749164726116833
0.4776731247192401
0.4778885762527962
0.4781032399766509
0.478314424803788
0.47851299059896013
0.47870426074495537
0.47891858379236163
0.4791284408147125
0.47934474183936193
0.4795478281204046
0.479747526477626
0.4799611843902465
0.4801411875469241
0.4803807728617847
0.4805891194539278
0.48078185655012773
0.48098989341595
0.48121018274385335
0.4813955668470882
0.48159956440426366
0.48180913353157956
0.4820087636160564
0.48222218484898954
0.4824507315765375
0.4826333746260381
0.4828284843832375
0.483038190842415
0.48324949825257385
0.4834388774300527
0.4836818184484008
0.48384028877125707
0.48405725719832926
0.48426685908369976
0.4844894933822961
0.4846657019112103
0.484877638218097
0.4850784639219131
0.4852988291451726
0.48551061852762134
0.48569844319593936
0.48588419180660747
0.4861043864347304
0.4863167943174459
0.4865313175061561
0.48673808683050146
0.4869265232220357
0.487135685772683
0.48736331448282555
0.4875588768004732
0.4877628571038188
0.4879839526888792
0.4881828809014944
0.48838657020611514
0.48861984205080544
0.4888241117932944
0.48903640429939277
0.4892375240518685
0.48946539765892
0.4896802526090138
0.4899028714691067
0.49010677628868504
0.4903366436933534
0.4905392804391366
0.4907663781623558
0.49100087880820675
0.4912107932264488
0.49143159983785695
0.49165591142683124
0.49189704004629026
0.49210430797447385
0.49233802436421203
0.49256280829766314
0.4928063996659491
0.49304156956322304
0.4932586649472775
0.4935092180360467
0.4937409078542214
0.4939960938964938
0.49423546917703254
0.4944697934399113
0.49473041935010115
0.4949567580964102
0.49520946256282394
0.4954386585695444
0.4956793329030356
0.4959276502107568
0.4961459620846181
0.49638818697429343
0.4966211534396807
0.4968461498804193
0.49707243854440775
0.4972878057986419
0.49751723101151873
0.4977428560921029
0.497951057376007
0.4981786344515671
0.4984091941710523
0.49861471085323805
0.49882293059237054
0.4990413584128402
0.499251009108514
0.49946551497121394
0.4996560018133932
0.499856880668646
0.5000630969213898
0.5002553451079593
0.5004750365841972
0.5006681339589322
0.5008325471415392
0.5010330433588676
0.5011990191868284
0.5013565166080496
0.5014989040876956
0.5016579601656352
0.5018471679108832
0.5019924608590584
0.5021317572535707
0.5022869989700255
0.5024334834961531
0.5025715361175146
0.5026997437089163
0.5028208644857299
0.502938358378853
0.5030630247384448
0.5031466058846127
0.5032385768312759
0.503327820520281
0.5034064677712037
0.5034817936222526
0.5035416996524978
0.503588165990697
0.5036571375746123
0.5036715794769283
0.5037252137393622
0.5037298032545348
0.5037341692591257
0.503736779570331
0.5037504462079846
0.5037368605553441
0.503707290018802
0.5036708916015327
0.5036287687946556
0.5035968863888609
0.5035403865712944
0.5034804109985987
0.5034098300253931
0.5033345627346947
0.5032397558787565
0.5031561547410178
0.5030632733743479
0.5029911043301564
0.502867979337531
0.5027668224967132
0.5026506359785656
0.5025224226552942
0.5023979778177394
0.5022787756677424
0.5021418803482461
0.502013819578235
0.5018769508593838
0.5017375718384902
0.5015802650612925
0.5014297638824525
0.5013042142372277
0.5011465338428716
0.5009911610160384
0.5008467608535353
0.500691606648952
0.5005381868674664
0.5003645237676595
0.5002410865632541
0.5000620294185673
0.49990580564809717
0.49974966450207275
0.49960322183607014
0.49943583640669337
0.49927382324722785
0.4991396995094801
0.4989830603642639
0.49884219665752016
0.49867045188658354
0.4985398347278279
0.4983640128607426
0.4982386238314622
0.4980847391561044
0.4979607222179697
0.4978142898474681
0.49767448955613025
0.49756896381044463
0.49743081108418497
0.4972893596937315
0.4971584811432371
0.49705740038288104
0.4969532489954206
0.4968212391537838
0.4967119846784822
0.4965943143770245
0.49653523069234934
0.49642164333437544
0.4963414347845012
0.4962758407161373
0.49619192904132847
0.4961103528953982
0.4960425517314626
0.4960003957424924
0.49594991182522785
0.49590859871377546
0.49588071179179793
0.49584071849059674
0.4958216680924356
0.4957831383098577
0.4958054523742698
0.4958089406555278
0.4958017771468601
0.49584073606817936
0.49588464352314093
0.49590910293791446
0.49596626120140697
0.4960453890526196
0.4961066109654797
0.49619718778579397
0.4962923442325967
0.4963973816916618
0.4965024277222328
0.49661396834797655
0.49674407801398957
0.4968547225869531
0.49698901269634677
0.4971252733079311
0.49725725528693565
0.4974340861599425
0.4975593285555004
0.49772192715266494
0.4979013415863433
0.4980769812380734
0.4982688790977644
0.4984297715625513
0.4986203399556643
0.4988195168530141
0.4990149487313932
0.49919337780871553
0.499419722264269
0.4996326237192727
0.4998447344674382
0.5000816728492881
0.500279620068455
0.5005208115286225
0.5007265087312063
0.5009780673561142
0.501225690562779
0.5014419502624606
0.5016732815464213
0.5019169551193808
0.5021718833668101
0.502404950847414
0.502625976326803
0.5028934952772832
0.5031170316334168
0.5033552264235492
0.5035964616897192
0.5038071998863412
0.504064594692627
0.5042929666312834
0.5045129703464607
0.5047500143476743
0.5049576894441775
0.5052043944492702
0.5054174564215713
0.5056318866132928
0.5058527897213559
0.5060702360098911
0.5063090222052374
0.5065334789376726
0.5067416967506055
0.5069464572254965
0.5071588161610119
0.5073947615969862
0.5076062242905767
0.5078110689692922
0.5080308206276218
0.5082433302925076
0.5084646508260707
0.5086676441687054
0.5089032432174316
0.5090950479450044
0.5093099024421065
0.5095207585770728
0.5097317823026072
0.5099729249113416
0.5101922500611904
0.5103735410922484
0.5106107085349705
0.5108187945053021
0.511019312816626
0.5112510975631959
0.5114734255763299
0.5117016283861167
0.5119127367819446
0.5121383287007581
0.5123657046278176
0.5125723220218351
0.5128044766879661
0.513034754375829
0.5132553912426855
0.5134830175118628
0.5137260547840657
0.5139142978162456
0.5141536547804186
0.5143816194590576
0.5145991766752381
0.5148181894630558
0.5150399911693919
0.5152651951439469
0.5154823859006676
0.5156893589364694
0.5159106038355955
0.5161253266767536
0.5163309829132919
0.5165494710631008
0.5167732021627289
0.5169630700475958
0.5172079662397314
0.5174247215217033
0.5176232041926359
0.5178695685545486
0.5180561909172334
0.5183034670552945
0.5185323426175795
0.518743877347171
0.5189740482019377
0.5191835996074391
0.5194091069377963
0.5196134278549949
0.5198193609719924
0.5200433424923246
0.5202352256107917
0.5204505312585557
0.5206489523051275
0.5208480305958463
0.5210648499991866
0.5212477977893215
0.5214653989472154
0.5216432455687173
0.5218464040555203
0.5220515877397552
0.5222716150301879
0.5224432981073153
0.5226404666914584
0.5228432287553665
0.523054912017092
0.5232601565643491
0.5234372451620302
0.5236525527014253
0.523857010690904
0.5240606178559349
0.5242632962293934
0.5244788680117525
0.5246765041258402
0.5249006225926873
0.5250853519074479
0.5253169680426275
0.5255107256061305
0.5257300825652332
0.5259300331597475
0.5261459488760047
0.5263597387039844
0.5265623401364056
0.5267625587747627
0.5269923183202947
0.5272057459069532
0.5274060217396032
0.5276173908817057
0.5278334694066205
0.5280350659813006
0.5282443709471901
0.5284608717904
0.528648359676921
0.5288767387016164
0.5290681896673504
0.529266378640719
0.5294697362580206
0.5296816038610203
0.529868159703186
0.5300738667772917
0.5302792620711476
0.5304763011459678
0.530690515078292
0.5309017575205472
0.531093566327586
0.5312948518190275
0.5314965952366266
0.5316936065391192
0.5319023325152334
0.5321044108148754
0.5323097712557292
0.5325299333442484
0.5327352198073634
0.5329283088450827
0.5331161627311407
0.5333423526232982
0.5335537742581716
0.5337491423651843
0.5339368580871953
0.5341652110135896
0.5343771349750822
0.5345805398973823
0.5347968801351146
0.5350055556921663
0.5352170813618097
0.5354359217552003
0.5356619546076474
0.5358723823931946
0.5361002219964962
0.5363262573918299
0.5365533273881641
0.5367889501175207
0.5370205960592701
0.5372488705092829
0.5374991142880847
0.537731519464661
0.5379692033431265
0.5382375897211924
0.538476934404274
0.5387457508525699
0.5389928711562713
0.5392567258046504
0.5395151468911271
0.5397694493022684
0.5400152045005174
0.540269860835849
0.5404992397052927
0.540744734738414
0.5409871522657205
0.5412129687458097
0.5414399621858152
0.5416849659160029
0.5419077305431785
0.5421400034340744
0.542352780883965
0.5425857290553627
0.5428083257767672
0.5430391420256288
0.543239657427165
0.5434646382272827
0.5436803224946569
0.5438914481948578
0.5441119110521604
0.544307664332124
0.5445152037806351
0.5447167597727549
0.5449356915075216
0.5451319649720635
0.5452906680289848
0.5454862045283592
0.545691265760345
0.5458347764506247
0.5460210698082337
0.54618086096198
0.5463578296555643
0.5464838155548657
0.5466334324375245
0.5467467505529275
0.5469174186643194
0.5470237129988896
0.5471442274724925
0.5472587269470435
0.5473195569876333
0.5473972448641233
0.5474941432960141
0.5475806555238587
0.5476110147000438
0.5476675249175798
0.5476985165415046
0.5477326450420263
0.5477573182059903
0.5477515516341839
0.5477754158600326
0.5477752303519362
0.5477479459846021
0.547719611161884
0.547702382166803
0.5476579740117652
0.5476259040061731
0.5475532976353951
0.547491853279229
0.5474171803252179
0.5473471671726808
0.547283255963307
0.5471860928154512
0.5470730807485472
0.5469682694073094
0.5468891193012204
0.5467705428945426
0.5466335537445437
0.5465371909602508
0.5464000050107758
0.5462625798536305
0.5461097315591955
0.5459955292276681
0.545857618919935
0.5457047515431345
0.5455634951143505
0.545420532562719
0.5452753467493263
0.5450798325114384
0.5449444925584205
0.5447706701701899
0.5446262309359209
0.5444609895232029
0.5443047638454467
0.5441286342256247
0.5439795978261759
0.5438129986742737
0.5436268786877889
0.5434795998813906
0.5433084428485979
0.5431452514608807
0.5429782981891301
0.5428283568569753
0.5426665325280838
0.5424996696567483
0.5423283741782449
0.5421579024130325
0.5420231423828489
0.5418599584087511
0.5416925969260941
0.5415505559797207
0.5413777042924901
0.5412545748682289
0.5411113173481893
0.5409604790625432
0.5408171053440298
0.5406761648935607
0.540531015710248
0.5403847324002912
0.5402734963636442
0.5401083331637223
0.5399912966856651
0.5398638583824985
0.5397287793266241
0.5395874562604019
0.5395111952094364
0.5394009941789611
0.5392919358753323
0.5391813492935484
0.5390713503201959
0.5389714726936153
0.5389025862337696
0.5388171825789885
0.5387488881874576
0.5386808392983661
0.5386115801142174
0.5385370046578962
0.5384948453801718
0.5384504498670234
0.5384013935319752
0.5383956745064762
0.5383811869937425
0.5383779279261041
0.5383826907591605
0.5384178418031261
0.5384037458185925
0.5384139109300511
0.5384532677758076
0.5384676182782465
0.5384872793208488
0.5385186241906226
0.5385916573699934
0.538640888111228
0.5387265780214515
0.538800740805578
0.5388851560374829
0.5389753939771321
0.5390727089746146
0.5391930586454812
0.5393301193254877
0.5394427664999686
0.5395847936278714
0.539720806618555
0.5398477775616536
0.5400230999478823
0.5401356191081306
0.5403231818247773
0.5404626663540704
0.5406486937070243
0.5408029725502793
0.5409943384070403
0.541176662193415
0.5413388254938692
0.5415113172297473
0.5416592090815194
0.5418436552592043
0.5420133382511417
0.5421712607016785
0.5423141492002264
0.5424541008878655
0.5425924561960078
0.5427153529667219
0.5428328812986294
0.542923674597163
0.5430137076905978
0.54309163468963
0.543137852823765
0.543201483301815
0.5432008631531783
0.5432280162193128
0.5432423444438784
0.5432105071824793
0.5431925295938868
0.543150759357356
0.5430887993201458
0.5430138372894531
0.5429054000702062
0.542813000014731
0.5426908611342672
0.5425288101473615
0.5423837741732209
0.5422239476356012
0.5420506237945484
0.5418618104355553
0.5416733134016491
0.5414879868060498
0.541291399866036
0.5410666673489534
0.5408448199235047
0.5406249648070418
0.5404164431127181
0.54018940065851
0.5399472006202717
0.5397445578840032
0.5395065435060161
0.5392526241455934
0.5390174978326884
0.5387817002151934
0.5385347857190775
0.5382840888846545
0.5380434175419833
0.5378134210783897
0.5375521576769554
0.5373161594178933
0.5370610962334114
0.5367868361913833
0.5365614429058322
0.5363101759748673
0.5360340788085067
0.5357896983908494
0.5355480636037527
0.5352898968317948
0.5350324280214136
0.5347972694743971
0.5345421714865336
0.5343033143804384
0.5340269095754823
0.5337860520725429
0.5335196997017175
0.5332627966077262
0.533007097962977
0.5327904572396164
0.5325354121406899
0.5322749424775254
0.5320184438456536
0.5317631489048636
0.5315187015025882
0.5312543807578235
0.5310309305927327
0.5307838448782829
0.5305365359694904
0.530290291888832
0.5300417763669824
0.5297980931098709
0.5295476381190577
0.5293140567364881
0.5290497971215007
0.528812062244797
0.5285871436087922
0.5283562120773581
0.528094447087221
0.5278576734709532
0.5276472263674806
0.5273897500295757
0.527146368494865
0.526900964900493
0.5266655752024932
0.5264281706417804
0.5262097797432157
0.525947066843988
0.5257322820821101
0.525483302500089
0.5252332115801222
0.5250034045497353
0.5247915664813915
0.5245210821037678
0.5242970839705872
0.5240589440260788
0.5237962750611327
0.5235697441083643
0.523319991618239
0.5230898438237058
0.5228413445349219
0.5226086242136931
0.522353527995931
0.5221121056464083
0.5218811819720759
0.5216305572597009
0.5213616154340586
0.521125607532281
0.5208837811889421
0.5206144046171179
0.5203796745377913
0.5201485471547717
0.519901261918384
0.5196670625455433
0.5193982719513859
0.5191370378424747
0.51889198922434
0.5186492984174884
0.5183930843625982
0.5181480511807875
0.5178860738703142
0.5176576554778325
0.517401158801582
0.5171752833580857
0.5169037739571591
0.5166519970774512
0.5164213116970019
0.5161673221500888
0.5159204446606142
0.5156683022255317
0.5154421978948225
0.5151820628186142
0.5149496505477021
0.5147039898635158
0.5144438382518971
0.5142304690284928
0.5139704785437023
0.5137368079102006
0.5134947966936606
0.5132416088187247
0.5129859917136983
0.5127486801924778
0.5125090193209476
0.5122652334568577
0.512029015926788
0.5117997866156162
0.5115478901999474
0.5112900829842709
0.5110626820359604
0.5108239904081064
0.5105643916746212
0.5103080685860693
0.5101010831071467
0.5098484925928218
0.5096015999822056
0.5093822426109722
0.50913795615887
0.5089313599522834
0.5086829594908325
0.5084410564569904
0.5082182923516662
0.5080078642007848
0.5077530806868114
0.5075532649225963
0.5073057652696521
0.5070733814144422
0.5068584370100153
0.5066216937676525
0.5064113724118757
0.5061709411045999
0.5059508955778154
0.5057461923562977
0.5054724190542107
0.5052077119599978
0.504943029124652
0.5047105651478815
0.5043928825620039
0.504038647150593
0.5036902438521887
0.5033831009450696
0.503153138417055
0.5029403504894855
0.5026503410947647
0.5024348741323437
0.5021630127360756
0.5018872991444162
0.5016961687868112
0.5014756973266552
0.5012909951822933
0.5010678728580596
0.5007958793779936
0.5005472711674961
0.5002725040338528
0.5000450082292037
0.49980554094916485
0.4995854666341527
0.4993491582436816
0.4991726270749044
0.49889933670404457
0.49867430319292116
0.49844107397399984
0.4982303929854104
0.49800103337143037
0.4977705057051447
0.4975594060622044
0.49730670545238936
0.4970636417180093
0.4968379529792902
0.4965897302399899
0.4963905963653822
0.49615382023407784
0.4959088585485772
0.4956818476077341
0.49543347972314894
0.49517310535531744
0.4949268468462138
0.49469745242443086
0.4944491771345741
0.4942490180404288
0.4939973488765917
0.4937096711335891
0.4934643654133046
0.49318303198317337
0.49292895146767957
0.49271671168930503
0.49246155671972813
0.49221359736492587
0.49198859234326553
0.4917135532605815
0.4914909759791143
0.49122530564630784
0.4909641698571657
0.49076518383703815
0.49051429828821363
0.490276755609872
0.4900025146744641
0.489779447248843
0.4895473532437427
0.4893104917961136
0.48908384032054525
0.48884521575984835
0.48861621085049733
0.4883563466813535
0.48810544886838153
0.48787172734975903
0.4876305076639906
0.4874180566745499
0.4871746542598947
0.4869170089286352
0.48664979392925317
0.486387211108229
0.48614906720188034
0.48583953818678116
0.4855389809967686
0.48521842796446535
0.4849824909132896
0.48471499174054267
0.4844552592739487
0.48419699750093553
0.4839782438649306
0.48371665154527343
0.4834239714925116
0.48318419429754284
0.48292316112181227
0.48268088264110426
0.4824232561955452
0.4821613942380796
0.48190746851354577
0.4816478916724458
0.4813924186390152
0.4811235058833296
0.4808436451594164
0.4805929731522806
0.48033039947799133
0.48007055073082455
0.47980169372089443
0.4795432628145556
0.4792658931317709
0.4789956701705176
0.4787364957963588
0.4784657047773058
0.478208978205136
0.47792952545349193
0.47766421319262753
0.4773942638413671
0.47712752759140453
0.4768726503545466
0.4766206768121273
0.47636807923836594
0.47609780858293804
0.4758685937896247
0.47562042384283537
0.47537786267747784
0.47514382913577197
0.47490609665833644
0.47467820898381924
0.4744714636478214
0.47424642535304756
0.474028679459898
0.47384513443225296
0.47366293308867474
0.47345965131519
0.4733003389697024
0.4731391746442162
0.4729760790146682
0.4728508339005428
0.4727090150465463
0.4725967729299766
0.47249406192785964
0.4724119442387331
0.4723280242735078
0.4722426557632798
0.4722006103428786
0.47214377213184067
0.4721180206616965
0.47207024483119864
0.47205265226556903
0.4720536744274903
0.4720512022032934
0.47207398693613506
0.4720895118479747
0.4721149095384452
0.47217266998315627
0.47220099965997503
0.47226436778207004
0.47232844641301175
0.4724059766127765
0.4724823294956532
0.4725720683185965
0.4726904519169419
0.47275786636907896
0.4728781571744986
0.47295861208059775
0.4731027563331494
0.4732059381062153
0.4733009495199818
0.47343680632378926
0.4735540034623798
0.4736930974469677
0.4737991347307103
0.47395843220104095
0.4740979069957944
0.474249338519117
0.4743580679909304
0.4744916940205871
0.47461397945639944
0.47475961504201386
0.4749011248642034
0.4750619758796851
0.47521975484148676
0.4753607297201192
0.475502307971247
0.47567448354920056
0.47583024313604577
0.47597851350922143
0.47613519372642393
0.47630657684430083
0.47646476067479354
0.47663930672509985
0.47680838760448296
0.476980341455218
0.47719816027989753
0.4773554805432765
0.47757003754750943
0.47776271272281085
0.4779923599792588
0.4781869856793464
0.478411837513501
0.4786429779718938
0.47888050252873227
0.47910715082815053
0.47937160285182445
0.4796090927999448
0.47987307622562425
0.4801632395762924
0.48042013103786857
0.4806931378474491
0.48097451122759843
0.48127233143845655
0.4815385684471389
0.4818368571926258
0.48212552232760103
0.4824213286612251
0.48270293660055363
0.48299985975131726
0.48328876886708644
0.483584189439113
0.4838613388499873
0.48414345756249033
0.48443337836273276
0.48469863989813644
0.48497272960061266
0.4852309562448985
0.4855174415491732
0.48577932179248645
0.48602921351486456
0.4862862762681905
0.4865481829681049
0.48680857597420085
0.4870638766447476
0.4873148920343549
0.48757124494212944
0.48782473450753533
0.4880736239923731
0.48833942482744785
0.4885682717906814
0.4888294685971246
0.4890772752724248
0.489325411469145
0.4895725474195434
0.489813146677678
0.4900708083000887
0.4903107567843025
0.49055228170935944
0.49080430390005764
0.49103861958115835
0.4913001237433099
0.4915378355357029
0.4918054936138863
0.4920318715638642
0.4922891114343948
0.49251862729115936
0.49277973742264347
0.49304701091725783
0.4932804006853141
0.4935513368264687
0.4938179173198424
0.494083462088774
0.49434400404940576
0.49462566318622925
0.4948863060124094
0.49514699077437424
0.49541236179878473
0.49563976416734007
0.4959063803555969
0.4961438772104193
0.4963950005260468
0.4966093141146015
0.4968605143562663
0.49710187138671724
0.49735815028130187
0.4975616727042701
0.49781726669196413
0.4980330291685737
0.4982579837913057
0.49849572391899627
0.49873494947479224
0.4989598956734725
0.4992055820740241
0.499413872119494
0.499647807099475
0.49986349305698496
0.5001178202058152
